4252
8613
482
4001
2771
8962
1911
557
9546
1193
86
4174
5443
9698
6945
2635
2977
7744
3533
409
2834
6454
3104
4736
5549
8458
3203
2226
9854
3402
8921
6301
9139
2269
2145
2583
1785
6630
7658
5336
6630
3696
5920
2018
5207
3063
5468
3038
5204
6275
5754
6324
878
8968
5190
8619
858
5040
3698
1885
9616
8718
7033
1078
9481
8365
966
6743
3687
9900
4068
1827
8915
5957
8314
8240
9300
8525
4083
5093
9902
1240
7018
2599
2956
4864
1930
677
343
9918
1531
6595
741
3821
1579
1145
32
6012
8828
9887
3327
9375
5598
4195
638
5155
9942
848
6922
8453
9463
2340
8718
4149
8591
579
7943
6798
7796
3659
9736
1368
4852
688
7020
5203
2785
2760
4029
6492
6411
4329
7632
7365
3266
3391
5487
3705
3957
6750
18
4773
5947
2988
2802
5313
3194
5367
8238
1381
5300
1278
7424
8130
8756
5280
9754
603
5584
2870
4024
6256
7430
1207
8876
4527
2292
1335
5697
478
3391
6873
9955
6325
6962
9558
8218
4524
4322
8670
6672
5078
7844
483
215
4827
4265
761
3073
3014
2898
2984
6405
7688
8053
3756
1125
9463
6335
4483
6698
2997
8356
7622
6527
233
6114
6628
8723
2039
7679
715
2414
5910
6603
2748
9911
1292
5877
1519
3424
8564
6299
9168
2807
1208
4066
8012
243
2548
2750
6169
6185
7905
854
128
453
3724
3215
4634
7394
5490
9854
7054
1996
1139
263
3910
8399
8800
1933
7572
6756
6578
7935
7729
6619
7160
5937
5771
2623
6118
9288
2672
7681
8156
6788
8441
8731
9611
7772
5283
2977
4491
7161
342
759
2490
7191
8351
1728
7804
4090
4389
3854
8061
7321
298
5232
9323
8523
1019
2267
4635
6890
6530
7232
954
3542
9696
9866
1135
1171
6970
5144
5972
6414
7899
1658
3777
940
9068
1922
3295
9324
5335
8815
3599
8136
3442
224
8044
4741
5727
8008
5730
5454
1295
6277
2291
8717
3288
1832
1070
2229
7768
2816
7565
3122
9322
6313
3047
1670
5652
3987
1083
5262
6559
4188
1537
8433
5890
5839
6663
9944
8513
9887
2576
3809
515
9697
8555
9500
9434
8010
8189
9512
9960
8326
4611
1354
9323
9164
9765
6612
6990
1031
2135
1934
7263
2874
6820
9478
8161
5051
4432
6369
8381
3612
2887
2652
1384
9337
5041
4710
6278
5124
2806
6225
7198
2175
2971
8067
9575
3220
9565
1527
8592
2313
1736
7224
6255
2349
9020
8913
8915
9041
9285
6676
4150
6032
6893
7464
5634
794
129
196
5478
1440
2866
5271
6854
3112
8459
2977
5412
4590
7901
691
7897
5331
6094
3407
2467
9274
6702
2855
1087
9875
1685
6069
6745
2007
5188
7165
8171
1498
5640
6075
3233
1625
1051
7093
4625
2703
8232
9915
7996
3283
3391
660
6957
8017
1022
2776
3833
5612
8211
7294
5728
9306
5795
8133
7036
7727
2585
4402
474
4637
9456
5587
6902
6461
4317
3736
4766
7761
6594
9366
8508